 0.000000	-1.000000	 0.000000	 0.000000	 0.500000	 1.000000	 0.000000	 0.000000	-0.500000	 0.000000	 1.000000	 0.000000	 0.500000	
 0.030000	-0.999728	 0.015159	 0.018110	 0.510553	 0.999731	-0.014841	-0.017875	-0.489416	-0.000002	 1.014683	-0.000235	 0.478863	
 0.060000	-0.998913	 0.030632	 0.036241	 0.521006	 0.998932	-0.029365	-0.035313	-0.478871	-0.000019	 1.028733	-0.000929	 0.457864	
 0.090000	-0.997553	 0.046418	 0.054415	 0.531375	 0.997616	-0.043574	-0.052351	-0.468358	-0.000062	 1.042156	-0.002064	 0.436983	
 0.120000	-0.995648	 0.062514	 0.072652	 0.541672	 0.995794	-0.057467	-0.069023	-0.457870	-0.000147	 1.054953	-0.003629	 0.416198	
 0.150000	-0.993194	 0.078918	 0.090974	 0.551911	 0.993478	-0.071046	-0.085360	-0.447397	-0.000284	 1.067128	-0.005614	 0.395486	
 0.180000	-0.990188	 0.095628	 0.109403	 0.562107	 0.990676	-0.084311	-0.101390	-0.436932	-0.000488	 1.078683	-0.008012	 0.374825	
 0.210000	-0.986628	 0.112644	 0.127961	 0.572274	 0.987397	-0.097262	-0.117140	-0.426465	-0.000769	 1.089618	-0.010822	 0.354192	
 0.240000	-0.982509	 0.129964	 0.146674	 0.582426	 0.983650	-0.109899	-0.132633	-0.415987	-0.001141	 1.099934	-0.014040	 0.333561	
 0.270000	-0.977826	 0.147590	 0.165565	 0.592580	 0.979442	-0.122221	-0.147893	-0.405488	-0.001616	 1.109632	-0.017672	 0.312907	
 0.300000	-0.972573	 0.165521	 0.184660	 0.602753	 0.974778	-0.134229	-0.162939	-0.394958	-0.002206	 1.118709	-0.021720	 0.292206	
 0.330000	-0.966743	 0.183757	 0.203986	 0.612961	 0.969667	-0.145919	-0.177792	-0.384389	-0.002923	 1.127164	-0.026194	 0.271428	
 0.360000	-0.960331	 0.202300	 0.223574	 0.623224	 0.964112	-0.157292	-0.192468	-0.373768	-0.003782	 1.134994	-0.031106	 0.250545	
 0.390000	-0.953326	 0.221152	 0.243454	 0.633561	 0.958120	-0.168345	-0.206984	-0.363087	-0.004794	 1.142196	-0.036470	 0.229526	
 0.420000	-0.945720	 0.240316	 0.263662	 0.643995	 0.951694	-0.179077	-0.221356	-0.352333	-0.005975	 1.148764	-0.042306	 0.208338	
 0.450000	-0.937502	 0.259794	 0.284235	 0.654551	 0.944839	-0.189485	-0.235599	-0.341497	-0.007338	 1.154694	-0.048635	 0.186946	
 0.480000	-0.928661	 0.279592	 0.305214	 0.665255	 0.937559	-0.199567	-0.249727	-0.330566	-0.008898	 1.159979	-0.055487	 0.165311	
 0.510000	-0.919184	 0.299713	 0.326645	 0.676136	 0.929856	-0.209319	-0.263751	-0.319528	-0.010673	 1.164611	-0.062894	 0.143392	
 0.540000	-0.909057	 0.320163	 0.348579	 0.687230	 0.921735	-0.218738	-0.277684	-0.308372	-0.012678	 1.168579	-0.070895	 0.121142	
 0.570000	-0.898263	 0.340949	 0.371075	 0.698574	 0.913196	-0.227820	-0.291538	-0.297085	-0.014933	 1.171875	-0.079537	 0.098511	
 0.600000	-0.886786	 0.362080	 0.394198	 0.710212	 0.904243	-0.236561	-0.305323	-0.285653	-0.017457	 1.174486	-0.088875	 0.075440	
 0.630000	-0.874605	 0.383565	 0.418023	 0.722195	 0.894877	-0.244957	-0.319050	-0.274063	-0.020273	 1.176397	-0.098974	 0.051867	
 0.660000	-0.861697	 0.405416	 0.442638	 0.734582	 0.885100	-0.253003	-0.332727	-0.262300	-0.023404	 1.177592	-0.109911	 0.027717	
 0.690000	-0.848037	 0.427645	 0.468144	 0.747441	 0.874914	-0.260694	-0.346363	-0.250349	-0.026877	 1.178053	-0.121781	 0.002907	
 0.720000	-0.833598	 0.450268	 0.494661	 0.760855	 0.864319	-0.268022	-0.359967	-0.238195	-0.030721	 1.177759	-0.134694	-0.022660	
 0.750000	-0.818346	 0.473303	 0.522332	 0.774920	 0.853316	-0.274983	-0.373547	-0.225822	-0.034970	 1.176685	-0.148785	-0.049098	
 0.780000	-0.802245	 0.496771	 0.551328	 0.789755	 0.841906	-0.281569	-0.387108	-0.213211	-0.039662	 1.174803	-0.164220	-0.076543	
 0.810000	-0.785251	 0.520697	 0.581860	 0.805503	 0.830090	-0.287773	-0.400658	-0.200346	-0.044839	 1.172081	-0.181203	-0.105156	
 0.840000	-0.767315	 0.545112	 0.614190	 0.822342	 0.817867	-0.293587	-0.414202	-0.187208	-0.050552	 1.168480	-0.199989	-0.135134	
 0.870000	-0.748378	 0.570051	 0.648647	 0.840498	 0.805238	-0.299003	-0.427745	-0.173776	-0.056859	 1.163956	-0.220902	-0.166721	
 0.900000	-0.728371	 0.595558	 0.685653	 0.860253	 0.792202	-0.304011	-0.441291	-0.160031	-0.063831	 1.158457	-0.244362	-0.200223	
 0.930000	-0.707208	 0.621686	 0.725765	 0.881981	 0.778760	-0.308601	-0.454845	-0.145949	-0.071552	 1.151920	-0.270921	-0.236032	
 0.960000	-0.684787	 0.648501	 0.769731	 0.906174	 0.764912	-0.312764	-0.468408	-0.131509	-0.080125	 1.144267	-0.301323	-0.274665	
 0.990000	-0.660976	 0.676088	 0.818589	 0.933506	 0.750656	-0.316488	-0.481983	-0.116688	-0.089680	 1.135405	-0.336606	-0.316818	
 1.020000	-0.635607	 0.704553	 0.873833	 0.964926	 0.735992	-0.319761	-0.495571	-0.101459	-0.100385	 1.125213	-0.378263	-0.363468	
 1.050000	-0.608458	 0.734040	 0.937712	 1.001825	 0.720920	-0.322571	-0.509171	-0.085798	-0.112462	 1.113537	-0.428541	-0.416027	
 1.080000	-0.579221	 0.764741	 1.013810	 1.046351	 0.705441	-0.324905	-0.522783	-0.069679	-0.126220	 1.100170	-0.491027	-0.476671	
 1.110000	-0.547445	 0.796934	 1.108310	 1.102048	 0.689552	-0.326747	-0.536404	-0.053077	-0.142107	 1.084820	-0.571906	-0.548971	
 1.140000	-0.512421	 0.831040	 1.233094	 1.175356	 0.673255	-0.328084	-0.550032	-0.035965	-0.160834	 1.067052	-0.683063	-0.639391	
 1.170000	-0.472898	 0.867762	 1.415185	 1.279759	 0.656549	-0.328900	-0.563661	-0.018322	-0.183652	 1.046145	-0.851524	-0.761437	
 1.200000	-0.426177	 0.908473	 1.737393	 1.451206	 0.639434	-0.329178	-0.577288	-0.000127	-0.213257	 1.020713	-1.160104	-0.951079	
 1.230000	-0.362945	 0.956886	 2.752866	 1.849409	 0.621911	-0.328902	-0.590906	 0.018623	-0.258966	 0.987025	-2.161960	-1.368031	
 1.260000	-0.315203	 0.918307	-0.987894	-2.171352	 0.603979	-0.328056	-0.604494	 0.037884	-0.288776	 1.039758	 1.592388	 2.633468	
 1.290000	-0.340086	 0.869299	-0.709167	-1.305075	 0.585640	-0.326625	-0.618054	 0.057560	-0.245555	 1.102336	 1.327221	 1.747514	
 1.320000	-0.359009	 0.835155	-0.563895	-1.006144	 0.566895	-0.324598	-0.631594	 0.077603	-0.207886	 1.149453	 1.195488	 1.428542	
 1.350000	-0.374379	 0.807664	-0.465922	-0.839682	 0.547743	-0.321965	-0.645124	 0.098006	-0.173365	 1.189312	 1.111046	 1.241676	
 1.380000	-0.387194	 0.784218	-0.391205	-0.729938	 0.528186	-0.318714	-0.658659	 0.118781	-0.140993	 1.224507	 1.049865	 1.111157	
 1.410000	-0.397986	 0.763562	-0.330055	-0.651022	 0.508222	-0.314834	-0.672221	 0.139945	-0.110236	 1.256284	 1.002276	 1.011077	
 1.440000	-0.407084	 0.744965	-0.277652	-0.591268	 0.487851	-0.310313	-0.685832	 0.161526	-0.080767	 1.285360	 0.963484	 0.929742	
 1.470000	-0.414706	 0.727955	-0.231258	-0.544524	 0.467070	-0.305138	-0.699520	 0.183557	-0.052365	 1.312195	 0.930778	 0.860967	
 1.500000	-0.421003	 0.712199	-0.189172	-0.507195	 0.445877	-0.299294	-0.713317	 0.206077	-0.024874	 1.337108	 0.902489	 0.801117	
 1.530000	-0.426088	 0.697451	-0.150261	-0.477026	 0.424268	-0.292767	-0.727256	 0.229135	 0.001820	 1.360330	 0.877518	 0.747891	
 1.560000	-0.430043	 0.683520	-0.113727	-0.452532	 0.402239	-0.285540	-0.741379	 0.252786	 0.027804	 1.382034	 0.855106	 0.699746	
 1.590000	-0.432930	 0.670252	-0.078978	-0.432701	 0.379782	-0.277593	-0.755731	 0.277096	 0.053148	 1.402356	 0.834709	 0.655604	
 1.620000	-0.434795	 0.657518	-0.045562	-0.416827	 0.356890	-0.268906	-0.770361	 0.302143	 0.077904	 1.421404	 0.815923	 0.614684	
 1.650000	-0.435673	 0.645207	-0.013111	-0.404419	 0.333555	-0.259456	-0.785330	 0.328017	 0.102118	 1.439264	 0.798441	 0.576402	
 1.680000	-0.435588	 0.633220	 0.018679	-0.395137	 0.309765	-0.249215	-0.800705	 0.354826	 0.125823	 1.456011	 0.782026	 0.540311	
 1.710000	-0.434556	 0.621469	 0.050077	-0.388763	 0.285507	-0.238155	-0.816565	 0.382699	 0.149050	 1.471703	 0.766487	 0.506064	
 1.740000	-0.432585	 0.609866	 0.081328	-0.385176	 0.260764	-0.226240	-0.833002	 0.411791	 0.171821	 1.486391	 0.751674	 0.473384	
 1.770000	-0.429675	 0.598330	 0.112666	-0.384339	 0.235518	-0.213432	-0.850127	 0.442291	 0.194158	 1.500120	 0.737461	 0.442048	
 1.800000	-0.425822	 0.586777	 0.144326	-0.386303	 0.209746	-0.199685	-0.868071	 0.474430	 0.216075	 1.512927	 0.723745	 0.411873	
 1.830000	-0.421010	 0.575122	 0.176554	-0.391206	 0.183422	-0.184946	-0.886995	 0.508498	 0.237588	 1.524843	 0.710441	 0.382708	
 1.860000	-0.415220	 0.563272	 0.209622	-0.399287	 0.156513	-0.169152	-0.907097	 0.544860	 0.258707	 1.535899	 0.697475	 0.354427	
 1.890000	-0.408421	 0.551128	 0.243838	-0.410914	 0.128980	-0.152226	-0.928623	 0.583991	 0.279441	 1.546117	 0.684785	 0.326923	
 1.920000	-0.400574	 0.538576	 0.279571	-0.426617	 0.100776	-0.134077	-0.951888	 0.626511	 0.299797	 1.555522	 0.672317	 0.300107	
 1.950000	-0.391626	 0.525482	 0.317276	-0.447160	 0.071844	-0.114592	-0.977300	 0.673259	 0.319783	 1.564130	 0.660024	 0.273900	
 1.980000	-0.381511	 0.511686	 0.357535	-0.473642	 0.042110	-0.093627	-1.005401	 0.725404	 0.339401	 1.571962	 0.647866	 0.248238	
 2.010000	-0.370140	 0.496987	 0.401124	-0.507690	 0.011483	-0.070996	-1.036932	 0.784625	 0.358657	 1.579030	 0.635807	 0.223065	
 2.040000	-0.357399	 0.481124	 0.449116	-0.551786	-0.020152	-0.046453	-1.072933	 0.853454	 0.377551	 1.585350	 0.623817	 0.198332	
 2.070000	-0.343134	 0.463740	 0.503067	-0.609927	-0.052952	-0.019653	-1.114935	 0.935927	 0.396086	 1.590934	 0.611868	 0.174000	
 2.100000	-0.327132	 0.444321	 0.565350	-0.689025	-0.087131	 0.009907	-1.165288	 1.038989	 0.414263	 1.595794	 0.599937	 0.150036	
 2.130000	-0.309092	 0.422062	 0.639801	-0.802324	-0.122990	 0.043020	-1.227807	 1.175908	 0.432083	 1.599940	 0.588006	 0.126416	
 2.160000	-0.288559	 0.395557	 0.732963	-0.979534	-0.160985	 0.081083	-1.309022	 1.376407	 0.449544	 1.603382	 0.576059	 0.103127	
 2.190000	-0.264824	 0.361845	 0.855017	-1.308084	-0.201822	 0.127046	-1.419103	 1.727918	 0.466646	 1.606131	 0.564086	 0.080166	
 2.220000	-0.237220	 0.311615	 0.953746	-2.265772	-0.246169	 0.190211	-1.505829	 2.708212	 0.483388	 1.608196	 0.552083	 0.057560	
 2.250000	-0.283206	 0.233247	-3.671598	 0.308686	-0.216565	 0.282186	 3.131593	 0.155933	 0.499770	 1.609589	 0.540005	 0.035381	
 2.280000	-0.365070	 0.255416	-2.195710	 0.872877	-0.150717	 0.274284	 1.667936	-0.386410	 0.515787	 1.610321	 0.527775	 0.013533	
 2.310000	-0.423491	 0.282001	-1.754314	 0.887975	-0.107945	 0.262616	 1.238835	-0.380029	 0.531436	 1.610404	 0.515479	-0.007946	
 2.340000	-0.472233	 0.308436	-1.514029	 0.873050	-0.074482	 0.251737	 1.010893	-0.344025	 0.546715	 1.609849	 0.503136	-0.029025	
 2.370000	-0.515111	 0.334361	-1.353524	 0.855410	-0.046513	 0.241993	 0.862774	-0.305705	 0.561624	 1.608667	 0.490750	-0.049705	
 2.400000	-0.553852	 0.359774	-1.234380	 0.839079	-0.022308	 0.233377	 0.756059	-0.269083	 0.576160	 1.606870	 0.478321	-0.069996	
 2.430000	-0.589419	 0.384725	-1.140023	 0.824616	-0.000904	 0.225826	 0.674176	-0.234700	 0.590323	 1.604471	 0.465847	-0.089915	
 2.460000	-0.622415	 0.409268	-1.061949	 0.811886	 0.018305	 0.219274	 0.608624	-0.202400	 0.604110	 1.601479	 0.453325	-0.109486	
 2.490000	-0.653249	 0.433453	-0.995273	 0.800627	 0.035728	 0.213664	 0.554522	-0.171897	 0.617522	 1.597905	 0.440751	-0.128730	
 2.520000	-0.682215	 0.457318	-0.936958	 0.790585	 0.051660	 0.208945	 0.508836	-0.142913	 0.630555	 1.593758	 0.428121	-0.147672	
 2.550000	-0.709530	 0.480898	-0.885000	 0.781543	 0.066322	 0.205076	 0.469569	-0.115207	 0.643208	 1.589047	 0.415431	-0.166337	
 2.580000	-0.735364	 0.504219	-0.838014	 0.773324	 0.079884	 0.202022	 0.435341	-0.088575	 0.655480	 1.583780	 0.402673	-0.184748	
 2.610000	-0.759851	 0.527304	-0.795007	 0.765781	 0.092483	 0.199753	 0.405166	-0.062849	 0.667368	 1.577965	 0.389841	-0.202933	
 2.640000	-0.783097	 0.550172	-0.755246	 0.758799	 0.104227	 0.198243	 0.378318	-0.037884	 0.678870	 1.571606	 0.376928	-0.220914	
 2.670000	-0.805192	 0.572837	-0.718173	 0.752280	 0.115210	 0.197473	 0.354248	-0.013561	 0.689983	 1.564712	 0.363925	-0.238719	
 2.700000	-0.826210	 0.595312	-0.683358	 0.746146	 0.125506	 0.197424	 0.332535	 0.010225	 0.700704	 1.557285	 0.350823	-0.256370	
 2.730000	-0.846213	 0.617609	-0.650462	 0.740330	 0.135182	 0.198082	 0.312849	 0.033565	 0.711031	 1.549331	 0.337612	-0.273895	
 2.760000	-0.865254	 0.639735	-0.619210	 0.734780	 0.144294	 0.199435	 0.294929	 0.056538	 0.720960	 1.540852	 0.324281	-0.291318	
 2.790000	-0.883380	 0.661698	-0.589382	 0.729448	 0.152893	 0.201472	 0.278564	 0.079216	 0.730487	 1.531852	 0.310817	-0.308664	
 2.820000	-0.900629	 0.683503	-0.560793	 0.724296	 0.161022	 0.204185	 0.263586	 0.101665	 0.739607	 1.522333	 0.297207	-0.325961	
 2.850000	-0.917038	 0.705157	-0.533293	 0.719291	 0.168721	 0.207570	 0.249857	 0.123943	 0.748317	 1.512295	 0.283436	-0.343235	
 2.880000	-0.932637	 0.726662	-0.506751	 0.714404	 0.176025	 0.211621	 0.237265	 0.146109	 0.756612	 1.501739	 0.269486	-0.360513	
 2.910000	-0.947452	 0.748022	-0.481059	 0.709611	 0.182967	 0.216336	 0.225720	 0.168214	 0.764485	 1.490664	 0.255340	-0.377825	
 2.940000	-0.961508	 0.769239	-0.456123	 0.704891	 0.189578	 0.221714	 0.215147	 0.190310	 0.771930	 1.479069	 0.240976	-0.395201	
 2.970000	-0.974826	 0.790316	-0.431861	 0.700224	 0.195885	 0.227755	 0.205488	 0.212448	 0.778941	 1.466951	 0.226374	-0.412671	
 3.000000	-0.987425	 0.811253	-0.408203	 0.695594	 0.201916	 0.234461	 0.196697	 0.234677	 0.785510	 1.454307	 0.211506	-0.430271	
